RUNNING THE L-BFGS-B CODE

it    = iteration number
nf    = number of function evaluations
nseg  = number of segments explored during the Cauchy search
nact  = number of active bounds at the generalized Cauchy point
sub   = manner in which the subspace minimization terminated:
        con = converged, bnd = a bound was reached
itls  = number of iterations performed in the line search
stepl = step length used
tstep = norm of the displacement (total step)
projg = norm of the projected gradient
f     = function value

           * * *

Machine precision = 2.220D-16
 N =          147     M =           10

   it   nf  nseg  nact  sub  itls  stepl    tstep     projg        f
    0    1     -     -   -     -     -        -     1.683D+01  3.715D+02
    1    2     1     0  ---    0  2.2D-02  1.0D+00  7.786D+00  3.386D+02
    2    3     0     0  con    0  1.0D+00  1.6D+00  1.489D+01  3.113D+02
    3    4     0     0  con    0  1.0D+00  1.8D+00  1.221D+01  2.888D+02
    4    5     0     0  con    0  1.0D+00  4.3D+00  4.297D+00  2.557D+02
    5    6     0     0  con    0  1.0D+00  4.1D+00  1.482D+01  2.471D+02
    6    7     0     0  con    0  1.0D+00  2.1D+00  7.309D+00  2.394D+02
    7    8     0     0  con    0  1.0D+00  4.8D-01  2.475D+00  2.372D+02
    8    9     0     0  con    0  1.0D+00  2.2D+00  2.289D+00  2.337D+02
    9   10     0     0  con    0  1.0D+00  1.6D+00  8.058D-01  2.323D+02
   10   11     0     0  con    0  1.0D+00  2.2D+00  1.263D+00  2.315D+02
   11   12     0     0  con    0  1.0D+00  1.9D+00  1.006D+00  2.310D+02
   12   13     0     0  con    0  1.0D+00  3.3D+00  2.712D+00  2.305D+02
   13   14     0     0  con    0  1.0D+00  3.0D+00  3.758D-01  2.299D+02
   14   15     0     0  con    0  1.0D+00  4.2D+00  1.253D+00  2.296D+02
   15   16     0     0  con    0  1.0D+00  4.2D+00  6.625D-01  2.293D+02
   16   17     0     0  con    0  1.0D+00  4.3D+00  1.081D+00  2.291D+02
   17   18     0     0  con    0  1.0D+00  4.6D+00  8.699D-01  2.290D+02
   18   19     0     0  con    0  1.0D+00  5.6D+00  1.302D+00  2.289D+02
   19   20     0     0  con    0  1.0D+00  3.9D-01  3.315D-01  2.289D+02
   20   21     0     0  con    0  1.0D+00  1.5D+00  1.162D-01  2.289D+02
   21   22     0     0  con    0  1.0D+00  3.0D+00  1.552D-01  2.289D+02
   22   23     0     0  con    0  1.0D+00  4.6D+00  7.223D-01  2.288D+02
   23   24     0     0  con    0  1.0D+00  2.3D-01  1.294D-01  2.288D+02
   24   25     0     0  con    0  1.0D+00  1.8D+00  7.995D-02  2.288D+02
   25   26     0     0  con    0  1.0D+00  1.6D+00  1.384D-01  2.288D+02
   26   27     0     0  con    0  1.0D+00  1.5D+00  1.549D-02  2.288D+02
   27   28     0     0  con    0  1.0D+00  2.4D+00  1.721D-01  2.288D+02
   28   29     0     0  con    0  1.0D+00  1.8D+00  2.700D-02  2.288D+02
   29   30     0     0  con    0  1.0D+00  2.7D+00  1.219D-01  2.288D+02
   30   31     0     0  con    0  1.0D+00  2.5D+00  3.780D-02  2.288D+02
   31   32     0     0  con    0  1.0D+00  2.6D+00  1.321D-01  2.288D+02
   32   35     0     0  con    2  1.9D+00  1.5D+01  1.477D+00  2.287D+02
   33   37     0     0  con    1  7.5D-04  1.4D+00  1.714D+00  2.287D+02
   34   38     0     0  con    0  1.0D+00  1.2D+01  4.091D+00  2.287D+02
   35   39     0     0  con    0  1.0D+00  1.1D+00  3.474D+00  2.287D+02
   36   40     0     0  con    0  1.0D+00  2.3D+01  3.759D+00  2.278D+02
   37   42     0     0  con    1  1.2D-02  3.7D+00  4.143D+00  2.277D+02
   38   43     0     0  con    0  1.0D+00  1.9D+01  4.285D+00  2.272D+02
   39   45     0     0  con    1  8.1D-02  2.2D+01  5.924D+00  2.269D+02
   40   46     0     0  con    0  1.0D+00  1.8D+01  6.286D-01  2.262D+02
   41   47     0     0  con    0  1.0D+00  2.6D+01  2.012D+00  2.258D+02
   42   48     0     0  con    0  1.0D+00  3.5D+01  3.449D+00  2.255D+02
   43   49     0     0  con    0  1.0D+00  1.4D+01  1.776D+00  2.250D+02
   44   50     0     0  con    0  1.0D+00  4.5D+01  4.841D-01  2.240D+02
   45   51     0     0  con    0  1.0D+00  5.7D+01  1.016D+00  2.234D+02
   46   52     0     0  con    0  1.0D+00  4.2D+01  1.637D+00  2.228D+02
   47   53     0     0  con    0  1.0D+00  6.1D+01  1.491D+00  2.227D+02
   48   54     0     0  con    0  1.0D+00  1.7D+00  1.864D-01  2.226D+02
   49   55     0     0  con    0  1.0D+00  1.4D+01  5.579D-01  2.225D+02
   50   56     0     0  con    0  1.0D+00  8.2D+00  5.066D-01  2.225D+02
   51   57     0     0  con    0  1.0D+00  2.2D+01  1.153D-01  2.225D+02
   52   58     0     0  con    0  1.0D+00  1.4D+01  4.715D-02  2.224D+02
   53   59     0     0  con    0  1.0D+00  1.3D+01  4.290D-02  2.223D+02
   54   60     0     0  con    0  1.0D+00  3.7D+01  8.261D-01  2.214D+02
   55   62     0     0  con    1  3.6D-01  4.2D+01  4.261D-01  2.209D+02
   56   63     0     0  con    0  1.0D+00  1.3D+01  7.628D-01  2.205D+02
   57   64     0     0  con    0  1.0D+00  4.0D+01  1.401D+00  2.205D+02
   58   65     0     0  con    0  1.0D+00  5.5D+00  2.204D-01  2.204D+02
   59   66     0     0  con    0  1.0D+00  1.2D+01  5.331D-02  2.204D+02
   60   67     0     0  con    0  1.0D+00  2.0D+01  3.355D-01  2.204D+02
   61   68     0     0  con    0  1.0D+00  2.0D+01  8.412D-02  2.204D+02
   62   69     0     0  con    0  1.0D+00  1.0D+01  5.507D-02  2.204D+02
   63   70     0     0  con    0  1.0D+00  2.1D+01  4.969D-01  2.203D+02
   64   71     0     0  con    0  1.0D+00  3.5D+00  3.484D-01  2.202D+02
   65   72     0     0  con    0  1.0D+00  5.3D+01  6.202D-01  2.198D+02
   66   73     0     0  con    0  1.0D+00  2.5D+01  7.184D-02  2.197D+02
   67   74     0     0  con    0  1.0D+00  1.3D+01  1.006D-01  2.196D+02
   68   75     0     0  con    0  1.0D+00  1.4D+01  1.319D+00  2.196D+02
   69   76     0     0  con    0  1.0D+00  5.4D+00  4.911D-01  2.195D+02
   70   77     0     0  con    0  1.0D+00  4.5D+00  7.933D-02  2.195D+02
   71   78     0     0  con    0  1.0D+00  7.2D+00  5.101D-01  2.195D+02
   72   79     0     0  con    0  1.0D+00  1.1D+01  6.239D-01  2.195D+02
   73   80     0     0  con    0  1.0D+00  1.0D+01  3.049D-01  2.194D+02
   74   81     0     0  con    0  1.0D+00  1.2D+01  9.004D-02  2.194D+02
   75   82     0     0  con    0  1.0D+00  1.3D+01  1.892D-01  2.194D+02
   76   83     0     0  con    0  1.0D+00  8.3D+00  3.551D-01  2.194D+02
   77   84     0     0  con    0  1.0D+00  6.3D+00  5.358D-01  2.194D+02
   78   85     0     0  con    0  1.0D+00  3.8D+00  6.227D-01  2.193D+02
   79   87     0     0  con    1  9.2D-02  3.8D+00  3.450D-01  2.193D+02
   80   88     0     0  con    0  1.0D+00  2.1D+01  3.912D-01  2.193D+02
   81   90     0     0  con    1  1.8D-02  3.8D+00  1.439D-01  2.193D+02
   82   91     0     0  con    0  1.0D+00  3.5D+01  9.843D-02  2.193D+02
   83   92     0     0  con    0  1.0D+00  1.8D+01  2.576D-01  2.192D+02
   84   93     0     0  con    0  1.0D+00  2.5D+00  1.244D-01  2.192D+02
   85   94     0     0  con    0  1.0D+00  1.9D+00  1.938D-02  2.192D+02
   86   95     0     0  con    0  1.0D+00  6.7D-01  1.189D-01  2.192D+02
   87   96     0     0  con    0  1.0D+00  2.5D+00  3.612D-01  2.192D+02
   88   97     0     0  con    0  1.0D+00  1.6D+00  5.959D-01  2.192D+02
   89   98     0     0  con    0  1.0D+00  1.8D+00  6.851D-01  2.192D+02
   90   99     0     0  con    0  1.0D+00  7.2D+00  5.422D-02  2.192D+02
   91  100     0     0  con    0  1.0D+00  5.6D+00  1.597D-01  2.191D+02
   92  102     0     0  con    1  1.0D-01  3.3D+00  2.745D-01  2.191D+02
   93  103     0     0  con    0  1.0D+00  9.0D-01  8.989D-02  2.191D+02
   94  104     0     0  con    0  1.0D+00  5.2D-01  4.433D-02  2.191D+02
   95  105     0     0  con    0  1.0D+00  2.2D-01  9.929D-02  2.191D+02
   96  106     0     0  con    0  1.0D+00  4.1D-01  2.036D-01  2.191D+02
   97  107     0     0  con    0  1.0D+00  1.1D+00  2.845D-01  2.191D+02
   98  108     0     0  con    0  1.0D+00  2.7D+00  2.766D-01  2.191D+02
   99  110     0     0  con    1  3.8D-02  7.9D+00  5.168D-01  2.191D+02
  100  111     0     0  con    0  1.0D+00  3.2D+00  2.893D-01  2.191D+02
  101  112     0     0  con    0  1.0D+00  2.0D+00  2.972D-02  2.191D+02
  102  113     0     0  con    0  1.0D+00  5.2D+00  7.312D-02  2.191D+02
  103  114     0     0  con    0  1.0D+00  4.9D+00  1.015D-01  2.191D+02
  104  116     0     0  con    1  1.9D-01  3.6D-01  1.425D-02  2.191D+02
  105  117     0     0  con    0  1.0D+00  1.4D+00  2.179D-02  2.191D+02
  106  118     0     0  con    0  1.0D+00  3.7D+00  1.556D-01  2.191D+02
  107  119     0     0  con    0  1.0D+00  3.1D+00  2.529D-01  2.191D+02
  108  120     0     0  con    0  1.0D+00  8.4D+00  4.217D-01  2.191D+02
  109  121     0     0  con    0  1.0D+00  1.5D+01  5.452D-01  2.191D+02
  110  122     0     0  con    0  1.0D+00  2.5D+01  4.837D-01  2.190D+02
  111  123     0     0  con    0  1.0D+00  2.1D+01  4.749D-01  2.190D+02
  112  125     0     0  con    1  6.3D-04  1.7D+00  3.005D-01  2.190D+02
  113  126     0     0  con    0  1.0D+00  3.4D+00  1.485D-01  2.190D+02
  114  127     0     0  con    0  1.0D+00  9.2D+00  6.918D-02  2.190D+02
  115  129     0     0  con    1  4.5D-01  2.8D+00  8.672D-02  2.190D+02
  116  130     0     0  con    0  1.0D+00  8.4D+00  8.416D-02  2.190D+02
  117  132     0     0  con    1  5.4D-02  2.3D+01  2.206D-01  2.190D+02
  118  133     0     0  con    0  1.0D+00  1.1D+01  8.610D-02  2.190D+02
  119  134     0     0  con    0  1.0D+00  2.0D+00  8.584D-02  2.190D+02
  120  136     0     0  con    1  0.0D+00  0.0D+00  8.584D-02  2.190D+02

CONVERGENCE: REL_REDUCTION_OF_F_<=_FACTR*EPSMCH             

 Total User time 0.000E+00 seconds.

