RUNNING THE L-BFGS-B CODE

it    = iteration number
nf    = number of function evaluations
nseg  = number of segments explored during the Cauchy search
nact  = number of active bounds at the generalized Cauchy point
sub   = manner in which the subspace minimization terminated:
        con = converged, bnd = a bound was reached
itls  = number of iterations performed in the line search
stepl = step length used
tstep = norm of the displacement (total step)
projg = norm of the projected gradient
f     = function value

           * * *

Machine precision = 2.220D-16
 N =           63     M =           10

   it   nf  nseg  nact  sub  itls  stepl    tstep     projg        f
    0    1     -     -   -     -     -        -     1.730D+01  2.275D+02
    1    2     1     0  ---    0  3.0D-02  1.0D+00  5.872D+00  2.077D+02
    2    3     0     0  con    0  1.0D+00  6.1D-01  5.282D+00  2.018D+02
    3    4     0     0  con    0  1.0D+00  1.3D+00  6.754D+00  1.957D+02
    4    5     0     0  con    0  1.0D+00  7.5D-01  6.074D+00  1.909D+02
    5    6     0     0  con    0  1.0D+00  4.1D+00  6.850D+00  1.819D+02
    6    7     0     0  con    0  1.0D+00  8.2D-01  2.881D+00  1.748D+02
    7    8     0     0  con    0  1.0D+00  8.9D-01  3.475D+00  1.708D+02
    8    9     0     0  con    0  1.0D+00  2.1D+00  1.760D+00  1.667D+02
    9   10     0     0  con    0  1.0D+00  1.3D+00  2.536D+00  1.667D+02
   10   11     0     0  con    0  1.0D+00  5.7D-01  7.472D-01  1.656D+02
   11   12     0     0  con    0  1.0D+00  2.8D-01  6.283D-01  1.654D+02
   12   13     0     0  con    0  1.0D+00  8.6D-01  3.617D-01  1.651D+02
   13   14     0     0  con    0  1.0D+00  9.7D-01  6.389D-01  1.649D+02
   14   15     0     0  con    0  1.0D+00  1.2D+00  5.781D-01  1.648D+02
   15   16     0     0  con    0  1.0D+00  8.8D-02  1.768D-01  1.647D+02
   16   17     0     0  con    0  1.0D+00  1.5D-01  1.528D-01  1.647D+02
   17   18     0     0  con    0  1.0D+00  4.6D-01  3.809D-01  1.647D+02
   18   19     0     0  con    0  1.0D+00  1.9D+00  6.946D-01  1.645D+02
   19   20     0     0  con    0  1.0D+00  1.2D+00  5.444D-01  1.644D+02
   20   21     0     0  con    0  1.0D+00  2.1D+00  8.870D-01  1.643D+02
   21   22     0     0  con    0  1.0D+00  3.1D-01  7.400D-01  1.643D+02
   22   23     0     0  con    0  1.0D+00  6.7D-01  7.827D-02  1.643D+02
   23   24     0     0  con    0  1.0D+00  3.8D-01  6.579D-02  1.643D+02
   24   25     0     0  con    0  1.0D+00  7.8D-01  1.529D-01  1.643D+02
   25   26     0     0  con    0  1.0D+00  7.0D-01  2.055D-01  1.643D+02
   26   27     0     0  con    0  1.0D+00  1.3D+00  1.883D-01  1.643D+02
   27   28     0     0  con    0  1.0D+00  2.1D+00  4.789D-01  1.643D+02
   28   29     0     0  con    0  1.0D+00  1.8D-01  4.270D-02  1.642D+02
   29   30     0     0  con    0  1.0D+00  6.3D-01  2.527D-02  1.642D+02
   30   31     0     0  con    0  1.0D+00  1.2D+00  4.170D-02  1.642D+02
   31   32     0     0  con    0  1.0D+00  2.4D+00  2.383D-01  1.642D+02
   32   33     0     0  con    0  1.0D+00  1.1D-01  5.871D-02  1.642D+02
   33   34     0     0  con    0  1.0D+00  1.2D+00  3.919D-02  1.642D+02
   34   35     0     0  con    0  1.0D+00  1.7D+00  7.838D-02  1.642D+02
   35   36     0     0  con    0  1.0D+00  2.9D+00  2.049D-01  1.642D+02
   36   39     0     0  con    2  1.6D+00  6.5D+00  6.796D-01  1.642D+02
   37   41     0     0  con    1  1.1D-01  4.5D+00  1.360D+00  1.642D+02
   38   43     0     0  con    1  2.7D-01  5.2D+00  2.243D+00  1.642D+02
   39   45     0     0  con    1  1.5D-01  5.2D+00  3.304D+00  1.641D+02
   40   47     0     0  con    1  3.7D-01  7.3D+00  4.935D+00  1.641D+02
   41   48     0     0  con    0  1.0D+00  1.4D+01  8.054D+00  1.639D+02
   42   49     0     0  con    0  1.0D+00  6.3D+00  6.675D+00  1.631D+02
   43   50     0     0  con    0  1.0D+00  2.3D+01  3.684D+00  1.613D+02
   44   51     0     0  con    0  1.0D+00  1.3D+01  5.930D-01  1.604D+02
   45   53     0     0  con    1  2.7D-01  2.1D+01  3.482D+00  1.599D+02
   46   54     0     0  con    0  1.0D+00  2.3D+01  2.447D+00  1.590D+02
   47   55     0     0  con    0  1.0D+00  2.5D+01  9.068D-01  1.578D+02
   48   56     0     0  con    0  1.0D+00  4.2D+01  3.048D+00  1.567D+02
   49   57     0     0  con    0  1.0D+00  3.6D+01  9.012D-01  1.555D+02
   50   58     0     0  con    0  1.0D+00  6.6D+01  4.586D+00  1.550D+02
   51   59     0     0  con    0  1.0D+00  3.3D+00  1.451D+00  1.546D+02
   52   60     0     0  con    0  1.0D+00  4.0D+01  6.218D-01  1.542D+02
   53   61     0     0  con    0  1.0D+00  6.1D+01  1.952D+00  1.539D+02
   54   62     0     0  con    0  1.0D+00  4.2D+01  1.546D+00  1.537D+02
   55   63     0     0  con    0  1.0D+00  5.0D+01  8.883D-01  1.535D+02
   56   64     0     0  con    0  1.0D+00  8.2D+01  1.545D+00  1.534D+02
   57   65     0     0  con    0  1.0D+00  8.2D+01  4.812D-02  1.532D+02
   58   67     0     0  con    1  5.2D-01  6.2D+01  8.151D-01  1.532D+02
   59   68     0     0  con    0  1.0D+00  6.6D+01  7.821D-01  1.531D+02
   60   69     0     0  con    0  1.0D+00  1.7D+01  4.612D-01  1.530D+02
   61   70     0     0  con    0  1.0D+00  5.0D+01  5.196D-01  1.530D+02
   62   72     0     0  con    1  4.7D-01  1.2D+02  6.509D-01  1.528D+02
   63   73     0     0  con    0  1.0D+00  5.3D+01  4.712D-01  1.527D+02
   64   74     0     0  con    0  1.0D+00  8.7D+01  1.388D-01  1.526D+02
   65   75     0     0  con    0  1.0D+00  5.7D+00  5.168D-01  1.526D+02
   66   76     0     0  con    0  1.0D+00  9.3D+00  2.329D-01  1.526D+02
   67   77     0     0  con    0  1.0D+00  5.7D+00  1.264D-01  1.526D+02
   68   78     0     0  con    0  1.0D+00  7.5D+01  4.740D-01  1.526D+02
   69   79     0     0  con    0  1.0D+00  3.0D+01  4.395D-01  1.526D+02
   70   80     0     0  con    0  1.0D+00  6.5D+01  5.238D-02  1.526D+02
   71   82     0     0  con    1  5.2D-01  2.7D+01  1.401D-01  1.526D+02
   72   83     0     0  con    0  1.0D+00  2.1D+01  2.591D-02  1.525D+02
   73   84     0     0  con    0  1.0D+00  6.1D+00  4.631D-02  1.525D+02
   74   85     0     0  con    0  1.0D+00  1.2D+01  1.171D-01  1.525D+02
   75   86     0     0  con    0  1.0D+00  1.5D+01  1.747D-01  1.525D+02
   76   87     0     0  con    0  1.0D+00  1.6D+01  2.834D-01  1.525D+02
   77   88     0     0  con    0  1.0D+00  1.6D+01  3.367D-01  1.525D+02
   78   89     0     0  con    0  1.0D+00  6.5D+01  2.771D-01  1.525D+02
   79   91     0     0  con    1  8.4D-02  1.5D+01  6.576D-01  1.525D+02
   80   92     0     0  con    0  1.0D+00  5.4D+01  4.792D-01  1.525D+02
   81   93     0     0  con    0  1.0D+00  3.6D+01  4.430D-01  1.525D+02
   82   95     0     0  con    1  0.0D+00  0.0D+00  4.430D-01  1.525D+02

CONVERGENCE: REL_REDUCTION_OF_F_<=_FACTR*EPSMCH             

 Total User time 0.000E+00 seconds.

RUNNING THE L-BFGS-B CODE

it    = iteration number
nf    = number of function evaluations
nseg  = number of segments explored during the Cauchy search
nact  = number of active bounds at the generalized Cauchy point
sub   = manner in which the subspace minimization terminated:
        con = converged, bnd = a bound was reached
itls  = number of iterations performed in the line search
stepl = step length used
tstep = norm of the displacement (total step)
projg = norm of the projected gradient
f     = function value

           * * *

Machine precision = 2.220D-16
 N =          147     M =           10

   it   nf  nseg  nact  sub  itls  stepl    tstep     projg        f
    0    1     -     -   -     -     -        -     1.223D+01  3.577D+02
    1    2     1     0  ---    0  2.3D-02  1.0D+00  1.035D+01  3.268D+02
    2    3     0     0  con    0  1.0D+00  1.5D+00  1.258D+01  3.023D+02
    3    4     0     0  con    0  1.0D+00  2.0D+00  9.438D+00  2.774D+02
    4    5     0     0  con    0  1.0D+00  5.4D+00  1.774D+01  2.545D+02
    5    6     0     0  con    0  1.0D+00  1.8D+00  8.996D+00  2.434D+02
    6    7     0     0  con    0  1.0D+00  9.8D-01  4.654D+00  2.391D+02
    7    8     0     0  con    0  1.0D+00  4.0D+00  6.512D+00  2.325D+02
    8    9     0     0  con    0  1.0D+00  5.2D-01  1.474D+00  2.316D+02
    9   10     0     0  con    0  1.0D+00  7.8D-01  6.616D-01  2.312D+02
   10   11     0     0  con    0  1.0D+00  2.1D+00  1.725D+00  2.305D+02
   11   12     0     0  con    0  1.0D+00  1.5D+00  1.509D+00  2.302D+02
   12   13     0     0  con    0  1.0D+00  2.9D+00  1.974D+00  2.297D+02
   13   14     0     0  con    0  1.0D+00  3.2D+00  2.459D+00  2.294D+02
   14   15     0     0  con    0  1.0D+00  1.7D+00  3.490D-01  2.292D+02
   15   16     0     0  con    0  1.0D+00  1.2D+00  7.331D-01  2.291D+02
   16   17     0     0  con    0  1.0D+00  1.9D+00  6.713D-01  2.290D+02
   17   18     0     0  con    0  1.0D+00  2.8D+00  9.277D-01  2.290D+02
   18   19     0     0  con    0  1.0D+00  2.8D+00  2.997D-01  2.289D+02
   19   20     0     0  con    0  1.0D+00  3.3D+00  8.380D-01  2.288D+02
   20   21     0     0  con    0  1.0D+00  5.2D-01  3.218D-01  2.288D+02
   21   22     0     0  con    0  1.0D+00  1.3D+00  9.818D-02  2.288D+02
   22   23     0     0  con    0  1.0D+00  1.1D+00  7.624D-02  2.288D+02
   23   24     0     0  con    0  1.0D+00  1.8D+00  1.312D-01  2.288D+02
   24   25     0     0  con    0  1.0D+00  1.6D+00  1.912D-01  2.288D+02
   25   26     0     0  con    0  1.0D+00  2.6D+00  2.304D-01  2.288D+02
   26   27     0     0  con    0  1.0D+00  3.7D+00  1.204D-01  2.288D+02
   27   28     0     0  con    0  1.0D+00  3.3D+00  5.877D-01  2.288D+02
   28   30     0     0  con    1  5.0D-01  4.6D-01  2.965D-02  2.288D+02
   29   31     0     0  con    0  1.0D+00  2.2D+00  1.241D-01  2.288D+02
   30   32     0     0  con    0  1.0D+00  6.4D+00  7.381D-01  2.288D+02
   31   33     0     0  con    0  1.0D+00  1.2D-01  2.285D-01  2.288D+02
   32   37     0     0  con    3  3.0D+00  1.9D+01  2.344D+00  2.287D+02
   33   39     0     0  con    1  6.2D-02  3.0D+00  2.947D+00  2.287D+02
   34   40     0     0  con    0  1.0D+00  1.4D+01  5.136D+00  2.285D+02
   35   42     0     0  con    1  1.5D-01  9.5D+00  6.872D+00  2.284D+02
   36   43     0     0  con    0  1.0D+00  2.1D+01  9.854D+00  2.279D+02
   37   44     0     0  con    0  1.0D+00  2.0D+01  8.777D+00  2.265D+02
   38   45     0     0  con    0  1.0D+00  2.0D+01  5.601D-01  2.240D+02
   39   46     0     0  con    0  1.0D+00  4.2D+01  5.855D+00  2.233D+02
   40   47     0     0  con    0  1.0D+00  3.7D+00  1.212D+00  2.229D+02
   41   48     0     0  con    0  1.0D+00  1.1D+01  1.802D-01  2.227D+02
   42   49     0     0  con    0  1.0D+00  1.2D+01  2.170D-01  2.227D+02
   43   50     0     0  con    0  1.0D+00  1.1D+02  7.312D+00  2.220D+02
   44   51     0     0  con    0  1.0D+00  3.0D+01  5.836D-01  2.214D+02
   45   52     0     0  con    0  1.0D+00  2.0D+01  6.588D-02  2.212D+02
   46   53     0     0  con    0  1.0D+00  2.7D+01  9.331D-01  2.211D+02
   47   54     0     0  con    0  1.0D+00  4.0D+01  1.313D+00  2.209D+02
   48   55     0     0  con    0  1.0D+00  2.5D+01  2.637D-01  2.207D+02
   49   56     0     0  con    0  1.0D+00  3.3D+01  3.944D-02  2.206D+02
   50   57     0     0  con    0  1.0D+00  2.1D+01  2.476D-01  2.206D+02
   51   58     0     0  con    0  1.0D+00  1.8D+01  2.267D-01  2.205D+02
   52   61     0     0  con    2  1.4D-01  6.3D+01  2.883D-01  2.205D+02
   53   62     0     0  con    0  1.0D+00  1.1D+01  7.768D-01  2.204D+02
   54   63     0     0  con    0  1.0D+00  3.1D+01  3.213D-01  2.203D+02
   55   64     0     0  con    0  1.0D+00  2.4D+01  1.535D-01  2.203D+02
   56   66     0     0  con    1  2.6D-01  2.7D+01  5.598D-01  2.202D+02
   57   67     0     0  con    0  1.0D+00  1.1D+01  1.328D+00  2.202D+02
   58   68     0     0  con    0  1.0D+00  1.1D+01  2.116D-01  2.201D+02
   59   69     0     0  con    0  1.0D+00  2.6D+01  1.813D-01  2.200D+02
   60   70     0     0  con    0  1.0D+00  1.4D+01  6.495D-01  2.197D+02
   61   71     0     0  con    0  1.0D+00  3.1D+01  8.901D-01  2.197D+02
   62   72     0     0  con    0  1.0D+00  8.4D+00  4.642D-02  2.196D+02
   63   73     0     0  con    0  1.0D+00  5.7D+00  1.365D-01  2.196D+02
   64   74     0     0  con    0  1.0D+00  9.5D+00  1.793D-01  2.196D+02
   65   75     0     0  con    0  1.0D+00  1.2D+01  6.903D-02  2.196D+02
   66   76     0     0  con    0  1.0D+00  2.7D+01  3.039D-01  2.195D+02
   67   77     0     0  con    0  1.0D+00  2.4D+01  5.772D-01  2.195D+02
   68   78     0     0  con    0  1.0D+00  2.0D+01  4.597D-01  2.194D+02
   69   80     0     0  con    1  8.6D-02  1.0D+01  1.185D+00  2.194D+02
   70   81     0     0  con    0  1.0D+00  7.7D+00  7.530D-01  2.194D+02
   71   82     0     0  con    0  1.0D+00  7.7D+00  4.150D-01  2.193D+02
   72   83     0     0  con    0  1.0D+00  3.0D+01  7.300D-01  2.193D+02
   73   84     0     0  con    0  1.0D+00  3.2D+01  7.540D-01  2.192D+02
   74   86     0     0  con    1  8.3D-04  6.2D-01  7.786D-01  2.192D+02
   75   87     0     0  con    0  1.0D+00  2.2D+01  1.418D-01  2.192D+02
   76   88     0     0  con    0  1.0D+00  4.5D+00  1.849D-02  2.192D+02
   77   89     0     0  con    0  1.0D+00  3.7D+00  1.579D-01  2.192D+02
   78   90     0     0  con    0  1.0D+00  2.2D+00  1.861D-01  2.192D+02
   79   91     0     0  con    0  1.0D+00  2.6D+00  1.592D-01  2.192D+02
   80   93     0     0  con    1  1.7D-01  7.3D+00  3.690D-01  2.192D+02
   81   94     0     0  con    0  1.0D+00  2.7D+00  1.336D-01  2.192D+02
   82   95     0     0  con    0  1.0D+00  5.1D+00  6.317D-02  2.192D+02
   83   97     0     0  con    1  2.4D-01  3.1D+00  3.683D-01  2.192D+02
   84   98     0     0  con    0  1.0D+00  6.3D+00  3.363D-01  2.191D+02
   85   99     0     0  con    0  1.0D+00  6.9D+00  1.161D-01  2.191D+02
   86  100     0     0  con    0  1.0D+00  1.8D+01  8.260D-02  2.191D+02
   87  102     0     0  con    1  7.3D-02  2.7D+00  1.529D-01  2.191D+02
   88  103     0     0  con    0  1.0D+00  1.9D+01  1.594D-02  2.191D+02
   89  104     0     0  con    0  1.0D+00  8.3D+00  2.511D-02  2.191D+02
   90  106     0     0  con    1  2.1D-01  1.7D+01  1.927D-01  2.191D+02
   91  107     0     0  con    0  1.0D+00  5.9D+00  3.496D-02  2.190D+02
   92  108     0     0  con    0  1.0D+00  1.3D+01  1.428D-01  2.190D+02
   93  109     0     0  con    0  1.0D+00  1.5D+01  1.469D-01  2.190D+02
   94  112     0     0  con    2  5.9D-03  1.9D+00  9.604D-02  2.190D+02
   95  113     0     0  con    0  1.0D+00  8.3D+00  7.746D-02  2.190D+02
   96  115     0     0  con    1  4.6D-01  2.1D+01  1.479D-01  2.190D+02
   97  116     0     0  con    0  1.0D+00  3.0D+00  7.796D-02  2.190D+02
   98  117     0     0  con    0  1.0D+00  2.4D+00  2.628D-02  2.190D+02
   99  118     0     0  con    0  1.0D+00  4.6D+00  9.515D-02  2.190D+02
  100  119     0     0  con    0  1.0D+00  5.4D+00  2.039D-01  2.190D+02
  101  120     0     0  con    0  1.0D+00  1.3D+01  2.207D-01  2.190D+02
  102  122     0     0  con    1  1.5D-01  2.1D+01  1.462D-01  2.190D+02
  103  123     0     0  con    0  1.0D+00  3.9D+00  9.499D-02  2.190D+02
  104  124     0     0  con    0  1.0D+00  7.0D+00  8.120D-02  2.190D+02
  105  126     0     0  con    1  2.7D-01  7.6D+00  8.467D-02  2.190D+02
  106  129     0     0  con    2  2.8D-02  4.8D+01  3.123D-01  2.190D+02
  107  130     0     0  con    0  1.0D+00  1.4D+01  8.548D-02  2.190D+02
  108  131     0     0  con    0  1.0D+00  1.3D+01  1.931D-01  2.190D+02
  109  132     0     0  con    0  1.0D+00  2.8D+00  4.958D-02  2.190D+02
  110  133     0     0  con    0  1.0D+00  4.3D+00  4.347D-02  2.190D+02
  111  136     0     0  con    2  2.2D-02  8.8D+00  1.171D-01  2.190D+02
  112  137     0     0  con    0  1.0D+00  1.5D+00  6.448D-02  2.190D+02
  113  138     0     0  con    0  1.0D+00  3.4D+00  1.051D-02  2.190D+02
  114  139     0     0  con    0  1.0D+00  8.6D+00  2.834D-02  2.189D+02
  115  140     0     0  con    0  1.0D+00  1.1D+01  8.484D-03  2.189D+02
  116  141     0     0  con    0  1.0D+00  6.5D+00  2.401D-02  2.189D+02
  117  142     0     0  con    0  1.0D+00  4.8D+00  2.495D-02  2.189D+02
  118  144     0     0  con    1  1.0D-02  2.7D+00  7.959D-02  2.189D+02
  119  145     0     0  con    0  1.0D+00  7.4D+00  7.981D-02  2.189D+02
  120  147     0     0  con    1  1.3D-02  1.8D+00  2.851D-02  2.189D+02
  121  148     0     0  con    0  1.0D+00  7.9D+00  2.244D-02  2.189D+02
  122  152     0     0  con    3  9.8D-03  5.7D+00  6.046D-02  2.189D+02
  123  153     0     0  con    0  1.0D+00  3.0D+00  3.819D-02  2.189D+02
  124  154     0     0  con    0  1.0D+00  1.2D+00  3.164D-02  2.189D+02
  125  155     0     0  con    0  1.0D+00  2.4D+01  5.071D-02  2.189D+02
  126  156     0     0  con    0  1.0D+00  5.9D+00  1.270D-02  2.189D+02
  127  157     0     0  con    0  1.0D+00  3.2D+00  9.521D-03  2.189D+02
  128  158     0     0  con    0  1.0D+00  4.9D+00  5.677D-02  2.189D+02
  129  160     0     0  con    1  3.4D-01  8.1D+00  7.362D-02  2.189D+02
  130  161     0     0  con    0  1.0D+00  2.0D+00  1.926D-02  2.189D+02
  131  162     0     0  con    0  1.0D+00  2.6D+00  6.369D-03  2.189D+02
  132  164     0     0  con    1  2.7D-02  1.2D+00  3.004D-02  2.189D+02
  133  165     0     0  con    0  1.0D+00  3.2D-01  1.049D-02  2.189D+02
  134  166     0     0  con    0  1.0D+00  4.6D-01  6.645D-03  2.189D+02
  135  167     0     0  con    0  1.0D+00  9.6D-01  2.365D-02  2.189D+02
  136  168     0     0  con    0  1.0D+00  3.2D-01  3.418D-02  2.189D+02
  137  169     0     0  con    0  1.0D+00  3.4D+00  1.480D-02  2.189D+02
  138  171     0     0  con    1  4.5D-01  3.7D+00  2.806D-02  2.189D+02
  139  172     0     0  con    0  1.0D+00  7.2D+00  2.471D-02  2.189D+02
  140  173     0     0  con    0  1.0D+00  3.5D+00  2.083D-02  2.189D+02
  141  175     0     0  con    1  2.9D-02  1.1D-01  6.213D-02  2.189D+02
  142  176     0     0  con    0  1.0D+00  4.4D+00  4.529D-02  2.189D+02
  143  177     0     0  con    0  1.0D+00  6.3D+00  8.352D-03  2.189D+02
  144  178     0     0  con    0  1.0D+00  3.0D+00  2.879D-02  2.189D+02
  145  179     0     0  con    0  1.0D+00  4.8D-01  4.150D-02  2.189D+02
  146  180     0     0  con    0  1.0D+00  1.2D+00  9.908D-02  2.189D+02
  147  181     0     0  con    0  1.0D+00  3.1D+00  5.261D-02  2.189D+02
  148  182     0     0  con    0  1.0D+00  1.1D+00  1.207D-02  2.189D+02
  149  183     0     0  con    0  1.0D+00  8.3D+00  9.920D-02  2.189D+02
  150  184     0     0  con    0  1.0D+00  5.1D-01  1.049D-01  2.189D+02
  151  186     0     0  con    1  7.6D-02  8.9D+00  8.838D-02  2.189D+02
  152  187     0     0  con    0  1.0D+00  8.0D+00  9.171D-02  2.189D+02
  153  188     0     0  con    0  1.0D+00  4.5D+00  7.183D-03  2.189D+02
  154  189     0     0  con    0  1.0D+00  4.1D-01  9.060D-03  2.189D+02
  155  191     0     0  con    1  5.2D-02  2.0D+00  1.231D-02  2.189D+02
  156  192     0     0  con    0  1.0D+00  7.9D+00  1.047D-02  2.189D+02
  157  193     0     0  con    0  1.0D+00  1.5D+01  3.665D-02  2.189D+02
  158  195     0     0  con    1  4.4D-01  2.2D+00  1.166D-01  2.189D+02
  159  196     0     0  con    0  1.0D+00  5.4D-01  3.316D-02  2.189D+02
  160  197     0     0  con    0  1.0D+00  7.3D+00  1.648D-02  2.189D+02
  161  198     0     0  con    0  1.0D+00  7.4D-01  2.247D-02  2.189D+02
  162  199     0     0  con    0  1.0D+00  6.4D-01  2.092D-02  2.189D+02
  163  200     0     0  con    0  1.0D+00  4.0D+00  6.043D-03  2.189D+02
  164  201     0     0  con    0  1.0D+00  3.0D+00  2.086D-02  2.189D+02
  165  202     0     0  con    0  1.0D+00  5.0D+00  4.952D-02  2.189D+02
  166  203     0     0  con    0  1.0D+00  2.6D+00  5.432D-02  2.189D+02
  167  205     0     0  con    1  6.0D-02  7.5D+00  5.168D-02  2.189D+02
  168  207     0     0  con    1  2.9D-01  4.0D+00  6.252D-02  2.189D+02
  169  209     0     0  con    1  1.6D-01  3.0D-01  3.894D-02  2.189D+02
  170  210     0     0  con    0  1.0D+00  4.4D+00  1.814D-02  2.189D+02
  171  211     0     0  con    0  1.0D+00  4.7D+00  1.684D-03  2.189D+02
  172  213     0     0  con    1  2.4D-01  3.0D-01  5.335D-03  2.189D+02
  173  214     0     0  con    0  1.0D+00  2.9D-01  2.390D-03  2.189D+02
  174  215     0     0  con    0  1.0D+00  1.8D-01  8.523D-04  2.189D+02
  175  216     0     0  con    0  1.0D+00  4.1D-01  3.650D-03  2.189D+02
  176  217     0     0  con    0  1.0D+00  3.6D-01  7.056D-03  2.189D+02
  177  218     0     0  con    0  1.0D+00  3.0D-01  8.906D-03  2.189D+02
  178  219     0     0  con    0  1.0D+00  1.8D+00  1.333D-02  2.189D+02
  179  220     0     0  con    0  1.0D+00  6.2D-01  5.692D-03  2.189D+02
  180  221     0     0  con    0  1.0D+00  8.3D-01  9.002D-03  2.189D+02
  181  222     0     0  con    0  1.0D+00  3.4D-01  1.183D-02  2.189D+02
  182  223     0     0  con    0  1.0D+00  3.5D-01  1.743D-02  2.189D+02
  183  225     0     0  con    1  4.6D-02  1.8D-01  9.373D-03  2.189D+02
  184  226     0     0  con    0  1.0D+00  4.1D-01  5.226D-03  2.189D+02
  185  227     0     0  con    0  1.0D+00  6.3D-01  1.174D-03  2.189D+02
  186  228     0     0  con    0  1.0D+00  5.9D-01  2.504D-03  2.189D+02
  187  229     0     0  con    0  1.0D+00  9.8D-01  9.429D-03  2.189D+02
  188  230     0     0  con    0  1.0D+00  1.2D+00  1.804D-02  2.189D+02
  189  231     0     0  con    0  1.0D+00  1.4D+00  3.025D-02  2.189D+02
  190  232     0     0  con    0  1.0D+00  7.4D-01  3.935D-02  2.189D+02
  191  233     0     0  con    0  1.0D+00  1.0D+00  3.501D-02  2.189D+02
  192  235     0     0  con    1  7.8D-02  9.9D-01  3.470D-02  2.189D+02
  193  237     0     0  con    1  2.2D-02  1.7D-01  2.649D-02  2.189D+02
  194  238     0     0  con    0  1.0D+00  2.5D+00  1.606D-02  2.189D+02
  195  240     0     0  con    1  1.0D-01  1.5D-01  5.754D-04  2.189D+02
  196  241     0     0  con    0  1.0D+00  1.7D+00  4.670D-03  2.189D+02
  197  242     0     0  con    0  1.0D+00  3.1D-01  5.056D-03  2.189D+02
  198  243     0     0  con    0  1.0D+00  9.8D-01  3.586D-03  2.189D+02
  199  244     0     0  con    0  1.0D+00  1.4D-01  4.220D-03  2.189D+02
  200  246     0     0  con    1  2.2D-02  3.5D-01  6.614D-03  2.189D+02
  201  247     0     0  con    0  1.0D+00  2.5D-01  5.276D-03  2.189D+02
  202  248     0     0  con    0  1.0D+00  1.5D+00  2.295D-03  2.189D+02
  203  249     0     0  con    0  1.0D+00  1.8D+00  3.904D-04  2.189D+02
  204  250     0     0  con    0  1.0D+00  1.1D+00  3.446D-04  2.189D+02
  205  252     0     0  con    1  7.8D-03  1.4D-01  2.567D-03  2.189D+02
  206  253     0     0  con    0  1.0D+00  7.3D-01  1.811D-03  2.189D+02
  207  255     0     0  con    1  5.5D-03  1.2D-02  1.333D-03  2.189D+02

CONVERGENCE: REL_REDUCTION_OF_F_<=_FACTR*EPSMCH             

 Total User time 0.000E+00 seconds.

RUNNING THE L-BFGS-B CODE

it    = iteration number
nf    = number of function evaluations
nseg  = number of segments explored during the Cauchy search
nact  = number of active bounds at the generalized Cauchy point
sub   = manner in which the subspace minimization terminated:
        con = converged, bnd = a bound was reached
itls  = number of iterations performed in the line search
stepl = step length used
tstep = norm of the displacement (total step)
projg = norm of the projected gradient
f     = function value

           * * *

Machine precision = 2.220D-16
 N =          147     M =           10

   it   nf  nseg  nact  sub  itls  stepl    tstep     projg        f
    0    1     -     -   -     -     -        -     1.809D+01  3.644D+02
    1    2     1     0  ---    0  2.1D-02  1.0D+00  9.518D+00  3.316D+02
    2    3     0     0  con    0  1.0D+00  1.3D+00  1.179D+01  3.078D+02
    3    4     0     0  con    0  1.0D+00  2.2D+00  9.597D+00  2.819D+02
    4    5     0     0  con    0  1.0D+00  4.2D+00  3.320D+00  2.524D+02
    5    6     0     0  con    0  1.0D+00  3.6D+00  1.034D+01  2.410D+02
    6    7     0     0  con    0  1.0D+00  2.4D+00  9.241D+00  2.358D+02
    7    8     0     0  con    0  1.0D+00  6.4D-01  2.763D+00  2.336D+02
    8    9     0     0  con    0  1.0D+00  1.7D+00  6.212D-01  2.320D+02
    9   10     0     0  con    0  1.0D+00  1.8D+00  4.517D-01  2.311D+02
   10   11     0     0  con    0  1.0D+00  3.1D+00  6.427D-01  2.303D+02
   11   12     0     0  con    0  1.0D+00  3.3D+00  1.289D+00  2.296D+02
   12   13     0     0  con    0  1.0D+00  1.5D+00  8.296D-01  2.295D+02
   13   14     0     0  con    0  1.0D+00  3.8D+00  1.391D+00  2.292D+02
   14   15     0     0  con    0  1.0D+00  3.7D+00  1.684D+00  2.291D+02
   15   16     0     0  con    0  1.0D+00  4.2D+00  1.056D+00  2.290D+02
   16   17     0     0  con    0  1.0D+00  6.4D-01  6.449D-01  2.289D+02
   17   18     0     0  con    0  1.0D+00  4.0D+00  4.830D-01  2.289D+02
   18   19     0     0  con    0  1.0D+00  2.9D+00  4.699D-01  2.289D+02
   19   20     0     0  con    0  1.0D+00  2.2D+00  1.167D-01  2.288D+02
   20   21     0     0  con    0  1.0D+00  3.1D+00  4.725D-01  2.288D+02
   21   22     0     0  con    0  1.0D+00  2.5D+00  2.370D-01  2.288D+02
   22   23     0     0  con    0  1.0D+00  2.4D+00  2.320D-01  2.288D+02
   23   24     0     0  con    0  1.0D+00  3.3D-01  1.425D-01  2.288D+02
   24   25     0     0  con    0  1.0D+00  1.3D+00  4.850D-02  2.288D+02
   25   26     0     0  con    0  1.0D+00  1.2D+00  2.543D-02  2.288D+02
   26   27     0     0  con    0  1.0D+00  2.3D+00  1.243D-01  2.288D+02
   27   28     0     0  con    0  1.0D+00  8.3D-01  5.252D-02  2.288D+02
   28   29     0     0  con    0  1.0D+00  2.2D+00  2.280D-01  2.288D+02
   29   30     0     0  con    0  1.0D+00  4.6D-02  1.134D-01  2.288D+02
   30   31     0     0  con    0  1.0D+00  1.4D+00  2.677D-02  2.288D+02
   31   32     0     0  con    0  1.0D+00  2.6D+00  5.533D-02  2.288D+02
   32   33     0     0  con    0  1.0D+00  4.1D+00  2.907D-01  2.288D+02
   33   34     0     0  con    0  1.0D+00  1.4D+00  3.948D-02  2.288D+02
   34   35     0     0  con    0  1.0D+00  3.9D+00  3.319D-01  2.288D+02
   35   36     0     0  con    0  1.0D+00  3.2D+00  4.179D-01  2.288D+02
   36   39     0     0  con    2  1.8D+00  1.6D+01  1.557D+00  2.287D+02
   37   42     0     0  con    2  2.2D-02  7.4D+00  2.714D+00  2.287D+02
   38   43     0     0  con    0  1.0D+00  1.3D+01  4.400D+00  2.286D+02
   39   45     0     0  con    1  1.5D-01  1.1D+01  5.915D+00  2.285D+02
   40   46     0     0  con    0  1.0D+00  2.8D+01  9.563D+00  2.283D+02
   41   47     0     0  con    0  1.0D+00  1.0D+00  4.795D+00  2.277D+02
   42   48     0     0  con    0  1.0D+00  1.8D+01  4.035D+00  2.271D+02
   43   49     0     0  con    0  1.0D+00  1.3D+01  3.092D+00  2.262D+02
   44   50     0     0  con    0  1.0D+00  2.3D+01  7.536D-01  2.247D+02
   45   51     0     0  con    0  1.0D+00  3.4D+01  2.605D+00  2.237D+02
   46   52     0     0  con    0  1.0D+00  1.5D+01  3.240D+00  2.233D+02
   47   53     0     0  con    0  1.0D+00  2.6D+01  7.852D-01  2.229D+02
   48   54     0     0  con    0  1.0D+00  1.0D+01  1.175D+00  2.228D+02
   49   55     0     0  con    0  1.0D+00  3.1D+01  1.302D+00  2.226D+02
   50   56     0     0  con    0  1.0D+00  5.8D+01  2.752D+00  2.223D+02
   51   57     0     0  con    0  1.0D+00  7.6D+00  9.154D-01  2.219D+02
   52   58     0     0  con    0  1.0D+00  1.6D+01  1.213D+00  2.218D+02
   53   59     0     0  con    0  1.0D+00  2.0D+01  9.862D-01  2.217D+02
   54   60     0     0  con    0  1.0D+00  9.8D+00  9.224D-01  2.216D+02
   55   61     0     0  con    0  1.0D+00  4.4D+01  1.670D+00  2.211D+02
   56   63     0     0  con    1  3.0D-01  8.3D+01  2.444D-01  2.205D+02
   57   65     0     0  con    1  2.9D-01  3.0D+01  8.069D-01  2.204D+02
   58   66     0     0  con    0  1.0D+00  2.9D+01  1.136D+00  2.201D+02
   59   68     0     0  con    1  2.4D-01  2.0D+00  1.251D-01  2.201D+02
   60   69     0     0  con    0  1.0D+00  1.1D+01  1.233D+00  2.199D+02
   61   70     0     0  con    0  1.0D+00  2.0D+01  4.764D-01  2.199D+02
   62   71     0     0  con    0  1.0D+00  2.3D+00  4.414D-01  2.198D+02
   63   72     0     0  con    0  1.0D+00  1.3D+00  5.187D-01  2.198D+02
   64   74     0     0  con    1  3.3D-01  1.8D+01  2.129D-01  2.198D+02
   65   75     0     0  con    0  1.0D+00  4.2D+00  3.871D-01  2.197D+02
   66   76     0     0  con    0  1.0D+00  1.1D+01  1.267D-01  2.196D+02
   67   77     0     0  con    0  1.0D+00  1.8D+01  4.099D-01  2.195D+02
   68   78     0     0  con    0  1.0D+00  6.6D+00  1.855D-01  2.194D+02
   69   79     0     0  con    0  1.0D+00  1.3D+01  5.239D-01  2.194D+02
   70   80     0     0  con    0  1.0D+00  4.9D+00  4.997D-01  2.193D+02
   71   81     0     0  con    0  1.0D+00  3.4D+00  9.856D-02  2.193D+02
   72   82     0     0  con    0  1.0D+00  9.4D+00  7.187D-02  2.192D+02
   73   84     0     0  con    1  1.3D-01  1.0D+01  6.052D-01  2.192D+02
   74   85     0     0  con    0  1.0D+00  1.9D+01  6.792D-01  2.192D+02
   75   87     0     0  con    1  3.9D-01  1.5D+00  1.859D-01  2.192D+02
   76   88     0     0  con    0  1.0D+00  2.3D+00  2.622D-02  2.192D+02
   77   89     0     0  con    0  1.0D+00  1.0D+01  1.439D-01  2.192D+02
   78   90     0     0  con    0  1.0D+00  1.3D+00  3.631D-01  2.191D+02
   79   91     0     0  con    0  1.0D+00  3.2D+00  5.836D-01  2.191D+02
   80   92     0     0  con    0  1.0D+00  1.1D+01  2.832D-01  2.191D+02
   81   93     0     0  con    0  1.0D+00  8.1D+00  1.639D-01  2.191D+02
   82   94     0     0  con    0  1.0D+00  6.0D-01  1.961D-01  2.191D+02
   83   95     0     0  con    0  1.0D+00  3.6D+00  7.378D-01  2.191D+02
   84   96     0     0  con    0  1.0D+00  1.5D+00  5.115D-01  2.190D+02
   85   97     0     0  con    0  1.0D+00  4.4D+00  1.753D-01  2.190D+02
   86   98     0     0  con    0  1.0D+00  2.1D+00  2.940D-02  2.190D+02
   87   99     0     0  con    0  1.0D+00  8.6D-01  2.909D-02  2.190D+02
   88  101     0     0  con    1  4.7D-02  6.6D+00  4.142D-01  2.190D+02
   89  102     0     0  con    0  1.0D+00  3.1D+00  2.292D-01  2.190D+02
   90  103     0     0  con    0  1.0D+00  3.1D+00  1.807D-02  2.190D+02
   91  104     0     0  con    0  1.0D+00  1.8D+00  2.159D-02  2.190D+02
   92  106     0     0  con    1  3.2D-02  7.8D+00  9.517D-02  2.190D+02
   93  107     0     0  con    0  1.0D+00  1.8D+00  7.015D-02  2.190D+02
   94  109     0     0  con    1  3.1D-02  4.4D-01  4.489D-02  2.190D+02
   95  110     0     0  con    0  1.0D+00  3.6D+00  6.996D-02  2.190D+02
   96  112     0     0  con    1  6.5D-02  1.1D+00  2.372D-01  2.190D+02
   97  113     0     0  con    0  1.0D+00  5.5D+00  2.363D-01  2.190D+02
   98  115     0     0  con    1  5.8D-02  4.5D+00  9.134D-02  2.190D+02
   99  116     0     0  con    0  1.0D+00  9.6D+00  1.346D-02  2.190D+02
  100  117     0     0  con    0  1.0D+00  9.6D-01  7.023D-02  2.190D+02
  101  118     0     0  con    0  1.0D+00  1.6D+00  1.605D-01  2.189D+02
  102  119     0     0  con    0  1.0D+00  2.0D+00  2.804D-02  2.189D+02
  103  120     0     0  con    0  1.0D+00  1.8D+00  2.883D-02  2.189D+02
  104  121     0     0  con    0  1.0D+00  1.0D+00  4.765D-02  2.189D+02
  105  122     0     0  con    0  1.0D+00  2.2D+00  5.347D-02  2.189D+02
  106  124     0     0  con    1  1.7D-02  2.6D-01  9.274D-02  2.189D+02
  107  125     0     0  con    0  1.0D+00  2.8D+00  4.387D-02  2.189D+02
  108  126     0     0  con    0  1.0D+00  4.0D-01  1.577D-02  2.189D+02
  109  128     0     0  con    1  8.9D-02  4.3D-01  8.405D-02  2.189D+02
  110  129     0     0  con    0  1.0D+00  1.5D+00  6.560D-02  2.189D+02
  111  130     0     0  con    0  1.0D+00  2.0D+00  9.011D-03  2.189D+02
  112  132     0     0  con    1  5.0D+00  1.5D+00  1.311D-02  2.189D+02
  113  133     0     0  con    0  1.0D+00  9.3D+00  1.758D-01  2.189D+02
  114  134     0     0  con    0  1.0D+00  1.2D+00  1.962D-01  2.189D+02
  115  135     0     0  con    0  1.0D+00  3.1D+00  7.287D-02  2.189D+02
  116  136     0     0  con    0  1.0D+00  5.3D+00  3.135D-03  2.189D+02
  117  137     0     0  con    0  1.0D+00  3.7D-01  1.304D-02  2.189D+02
  118  139     0     0  con    1  4.9D-01  1.4D+00  2.433D-02  2.189D+02
  119  140     0     0  con    0  1.0D+00  2.4D-01  1.411D-02  2.189D+02
  120  141     0     0  con    0  1.0D+00  3.6D-01  1.058D-01  2.189D+02
  121  142     0     0  con    0  1.0D+00  5.0D-01  3.677D-02  2.189D+02
  122  143     0     0  con    0  1.0D+00  7.7D-01  2.907D-03  2.189D+02
  123  144     0     0  con    0  1.0D+00  2.1D-01  4.140D-03  2.189D+02
  124  145     0     0  con    0  1.0D+00  4.8D-01  1.820D-02  2.189D+02
  125  146     0     0  con    0  1.0D+00  1.1D+00  5.479D-02  2.189D+02
  126  147     0     0  con    0  1.0D+00  6.5D-01  1.247D-02  2.189D+02
  127  148     0     0  con    0  1.0D+00  7.2D-02  4.327D-03  2.189D+02
  128  149     0     0  con    0  1.0D+00  1.6D-01  1.290D-02  2.189D+02
  129  150     0     0  con    0  1.0D+00  3.7D-01  1.956D-02  2.189D+02
  130  151     0     0  con    0  1.0D+00  3.5D-01  4.793D-03  2.189D+02
  131  153     0     0  con    1  1.8D-01  2.4D-01  3.405D-02  2.189D+02
  132  154     0     0  con    0  1.0D+00  3.2D-01  1.069D-02  2.189D+02
  133  155     0     0  con    0  1.0D+00  2.7D-01  1.571D-02  2.189D+02
  134  156     0     0  con    0  1.0D+00  4.1D-02  2.183D-02  2.189D+02
  135  157     0     0  con    0  1.0D+00  8.4D-02  2.345D-02  2.189D+02
  136  159     0     0  con    1  1.2D-02  1.3D-01  4.818D-02  2.189D+02
  137  160     0     0  con    0  1.0D+00  1.7D-01  3.432D-02  2.189D+02
  138  161     0     0  con    0  1.0D+00  7.1D-01  1.478D-02  2.189D+02
  139  162     0     0  con    0  1.0D+00  1.2D+00  7.036D-02  2.189D+02
  140  163     0     0  con    0  1.0D+00  1.3D+00  3.951D-02  2.189D+02
  141  164     0     0  con    0  1.0D+00  4.8D-01  2.616D-02  2.189D+02
  142  165     0     0  con    0  1.0D+00  3.6D-01  2.215D-02  2.189D+02
  143  167     0     0  con    1  1.2D-02  1.9D-01  9.582D-03  2.189D+02
  144  168     0     0  con    0  1.0D+00  3.4D-01  3.922D-03  2.189D+02
  145  170     0     0  con    1  3.1D-01  3.0D-01  2.345D-02  2.189D+02
  146  171     0     0  con    0  1.0D+00  6.4D-01  5.630D-03  2.189D+02
  147  172     0     0  con    0  1.0D+00  3.5D-01  1.116D-02  2.189D+02
  148  173     0     0  con    0  1.0D+00  3.3D-01  2.183D-02  2.189D+02
  149  174     0     0  con    0  1.0D+00  5.2D-01  3.546D-02  2.189D+02
  150  175     0     0  con    0  1.0D+00  3.5D-01  4.271D-02  2.189D+02
  151  177     0     0  con    1  1.1D-01  2.4D-01  1.874D-02  2.189D+02
  152  178     0     0  con    0  1.0D+00  2.0D-01  1.642D-02  2.189D+02
  153  179     0     0  con    0  1.0D+00  9.6D-02  4.865D-03  2.189D+02
  154  180     0     0  con    0  1.0D+00  3.3D-01  4.501D-02  2.189D+02
  155  181     0     0  con    0  1.0D+00  1.9D-01  9.816D-03  2.189D+02
  156  182     0     0  con    0  1.0D+00  1.6D-01  6.510D-03  2.189D+02
  157  183     0     0  con    0  1.0D+00  1.1D-01  8.422D-03  2.189D+02
  158  185     0     0  con    1  3.9D-02  4.9D-02  2.031D-02  2.189D+02
  159  186     0     0  con    0  1.0D+00  8.7D-02  1.128D-02  2.189D+02
  160  187     0     0  con    0  1.0D+00  1.1D-01  1.718D-03  2.189D+02
  161  188     0     0  con    0  1.0D+00  6.3D-02  6.890D-03  2.189D+02
  162  189     0     0  con    0  1.0D+00  7.2D-02  7.777D-03  2.189D+02
  163  191     0     0  con    1  8.2D-03  2.4D-02  1.912D-02  2.189D+02
  164  192     0     0  con    0  1.0D+00  1.1D-01  1.413D-02  2.189D+02
  165  193     0     0  con    0  1.0D+00  1.2D-01  2.987D-03  2.189D+02
  166  194     0     0  con    0  1.0D+00  9.7D-02  4.866D-03  2.189D+02
  167  195     0     0  con    0  1.0D+00  1.7D-01  2.800D-02  2.189D+02
  168  196     0     0  con    0  1.0D+00  1.5D-01  1.007D-02  2.189D+02
  169  197     0     0  con    0  1.0D+00  3.7D-02  1.064D-03  2.189D+02
  170  198     0     0  con    0  1.0D+00  2.5D-02  1.193D-02  2.189D+02
  171  199     0     0  con    0  1.0D+00  3.2D-02  1.615D-02  2.189D+02
  172  200     0     0  con    0  1.0D+00  5.3D-02  1.092D-02  2.189D+02
  173  202     0     0  con    1  1.7D-01  1.2D-01  1.447D-02  2.189D+02
  174  204     0     0  con    1  1.9D-01  1.5D-02  1.878D-03  2.189D+02
  175  205     0     0  con    0  1.0D+00  3.5D-02  3.240D-03  2.189D+02
  176  206     0     0  con    0  1.0D+00  4.8D-02  1.125D-02  2.189D+02
  177  207     0     0  con    0  1.0D+00  4.8D-02  1.772D-02  2.189D+02
  178  208     0     0  con    0  1.0D+00  8.8D-02  2.485D-02  2.189D+02
  179  209     0     0  con    0  1.0D+00  1.1D-01  2.365D-02  2.189D+02
  180  211     0     0  con    1  6.2D-02  4.1D-02  3.067D-02  2.189D+02
  181  212     0     0  con    0  1.0D+00  7.3D-02  1.802D-02  2.189D+02
  182  213     0     0  con    0  1.0D+00  3.4D-02  5.154D-03  2.189D+02
  183  214     0     0  con    0  1.0D+00  3.0D-02  6.455D-04  2.189D+02
  184  215     0     0  con    0  1.0D+00  1.3D-02  2.275D-03  2.189D+02
  185  216     0     0  con    0  1.0D+00  2.3D-02  1.115D-02  2.189D+02
  186  217     0     0  con    0  1.0D+00  4.5D-02  2.454D-03  2.189D+02
  187  218     0     0  con    0  1.0D+00  1.6D-01  2.578D-02  2.189D+02
  188  219     0     0  con    0  1.0D+00  2.3D-02  7.302D-03  2.189D+02
  189  220     0     0  con    0  1.0D+00  2.6D-02  7.649D-04  2.189D+02
  190  221     0     0  con    0  1.0D+00  1.6D-02  2.431D-03  2.189D+02
  191  222     0     0  con    0  1.0D+00  2.1D-02  3.983D-03  2.189D+02
  192  223     0     0  con    0  1.0D+00  4.8D-02  9.318D-03  2.189D+02
  193  224     0     0  con    0  1.0D+00  6.4D-02  7.111D-03  2.189D+02
  194  226     0     0  con    1  7.6D-02  2.7D-02  1.699D-02  2.189D+02
  195  227     0     0  con    0  1.0D+00  3.1D-02  1.125D-02  2.189D+02
  196  228     0     0  con    0  1.0D+00  8.4D-02  1.254D-03  2.189D+02
  197  229     0     0  con    0  1.0D+00  2.6D-02  5.275D-04  2.189D+02
  198  230     0     0  con    0  1.0D+00  1.3D-02  1.460D-03  2.189D+02
  199  231     0     0  con    0  1.0D+00  4.0D-02  9.507D-03  2.189D+02
  200  232     0     0  con    0  1.0D+00  2.0D-02  3.537D-04  2.189D+02
  201  233     0     0  con    0  1.0D+00  2.3D-02  2.709D-03  2.189D+02
  202  234     0     0  con    0  1.0D+00  3.2D-02  2.053D-03  2.189D+02
  203  236     0     0  con    1  3.0D-01  2.3D-02  3.174D-03  2.189D+02
  204  237     0     0  con    0  1.0D+00  1.2D-01  2.001D-03  2.189D+02
  205  238     0     0  con    0  1.0D+00  2.5D-02  1.066D-03  2.189D+02
  206  240     0     0  con    1  6.6D-02  6.2D-03  3.737D-03  2.189D+02
  207  241     0     0  con    0  1.0D+00  2.7D-02  4.622D-04  2.189D+02
  208  243     0     0  con    1  5.0D+00  9.9D-03  5.839D-04  2.189D+02
  209  245     0     0  con    1  4.6D-02  2.2D-02  4.146D-03  2.189D+02
  210  246     0     0  con    0  1.0D+00  4.2D-02  1.396D-03  2.189D+02
  211  247     0     0  con    0  1.0D+00  2.2D-02  8.790D-04  2.189D+02
  212  249     0     0  con    1  4.2D-01  8.4D-03  9.516D-04  2.189D+02

CONVERGENCE: REL_REDUCTION_OF_F_<=_FACTR*EPSMCH             

 Total User time 0.000E+00 seconds.

